+----------------------------------------------------------------------------+
| Statistics from last 100 episodes:                                         |
|----------------------------------------------------------------------------|
| Episodes   | Time       | Mean Score     | Mean Max Tile  | Max Tile       |
|------------|------------|----------------|----------------|----------------|
|        100 |     127.71 |       12470.36 |         840.96 |           2048 |
|        200 |     134.65 |       13150.42 |         952.32 |           4096 |
|        300 |     170.10 |       13471.36 |         979.20 |           2048 |
|        400 |     155.03 |       13439.69 |         913.92 |           2048 |
|        500 |     139.52 |       13504.05 |         960.00 |           2048 |
|        600 |     146.11 |       13666.75 |         983.04 |           2048 |
|        700 |     134.98 |       13547.58 |         862.72 |           2048 |
|        800 |     148.68 |       13518.41 |         885.76 |           2048 |
|        900 |     129.95 |       13391.86 |         878.08 |           2048 |
|       1000 |     140.02 |       13417.06 |         952.32 |           2048 |
Model saved to td_agent_episode_ft1000.pkl
|       1100 |     229.88 |       13365.61 |         849.92 |           2048 |
|       1200 |     140.99 |       13372.94 |         906.24 |           2048 |
|       1300 |     147.44 |       13337.07 |         904.96 |           2048 |
|       1400 |     138.97 |       13331.15 |         906.24 |           2048 |
|       1500 |     140.50 |       13347.34 |         960.00 |           2048 |
|       1600 |     135.92 |       13323.12 |         862.72 |           2048 |
|       1700 |     143.50 |       13365.30 |         961.28 |           2048 |
|       1800 |     155.60 |       13406.88 |         968.96 |           4096 |
|       1900 |     138.99 |       13399.47 |         880.64 |           2048 |
|       2000 |     139.17 |       13397.06 |         888.32 |           2048 |
Model saved to td_agent_episode_ft2000.pkl
|       2100 |     251.84 |       13467.81 |        1026.56 |           2048 |
|       2200 |     145.89 |       13494.69 |         977.92 |           2048 |
|       2300 |     129.98 |       13431.22 |         814.08 |           2048 |
|       2400 |     153.83 |       13499.36 |        1013.76 |           2048 |
|       2500 |     140.34 |       13488.62 |         866.56 |           2048 |
|       2600 |     156.70 |       13497.55 |         919.04 |           2048 |
|       2700 |     142.20 |       13500.91 |         924.16 |           2048 |
|       2800 |     146.83 |       13522.51 |         960.00 |           2048 |
|       2900 |     177.02 |       13624.61 |        1093.12 |           4096 |
|       3000 |     147.00 |       13645.92 |         967.68 |           2048 |
Model saved to td_agent_episode_ft3000.pkl
|       3100 |     233.05 |       13633.69 |         888.32 |           2048 |
|       3200 |     161.23 |       13650.08 |         942.08 |           2048 |
|       3300 |     148.64 |       13667.99 |         965.12 |           2048 |
|       3400 |     143.72 |       13664.70 |         919.04 |           2048 |
|       3500 |     148.89 |       13682.73 |         960.00 |           2048 |
|       3600 |     170.34 |       13730.09 |        1031.68 |           2048 |
|       3700 |     137.87 |       13702.83 |         870.40 |           2048 |
|       3800 |     152.37 |       13714.65 |         942.08 |           2048 |
|       3900 |     148.24 |       13724.54 |         944.64 |           2048 |
|       4000 |     166.21 |       13735.88 |         942.08 |           2048 |
Model saved to td_agent_episode_ft4000.pkl
|       4100 |     246.39 |       13755.97 |         975.36 |           2048 |
|       4200 |     161.44 |       13769.52 |         990.72 |           2048 |
|       4300 |     155.85 |       13804.35 |        1034.24 |           2048 |
|       4400 |     147.76 |       13814.91 |         970.24 |           2048 |
|       4500 |     165.82 |       13834.83 |         995.84 |           2048 |
|       4600 |     144.88 |       13823.69 |         903.68 |           2048 |
|       4700 |     151.88 |       13839.43 |         977.92 |           2048 |
|       4800 |     140.16 |       13824.71 |         893.44 |           2048 |
|       4900 |     149.32 |       13832.53 |         938.24 |           2048 |
|       5000 |     147.79 |       13836.82 |         924.16 |           2048 |
Model saved to td_agent_episode_ft5000.pkl
|       5100 |     263.22 |       13847.50 |        1016.32 |           2048 |
|       5200 |     149.50 |       13850.20 |         919.04 |           2048 |
|       5300 |     146.86 |       13848.64 |         942.08 |           2048 |
|       5400 |     155.94 |       13869.12 |         985.60 |           2048 |
|       5500 |     144.11 |       13867.59 |         981.76 |           2048 |
|       5600 |     162.17 |       13868.08 |         939.52 |           2048 |
|       5700 |     152.17 |       13884.01 |        1026.56 |           4096 |
|       5800 |     154.93 |       13902.40 |        1013.76 |           2048 |
|       5900 |     169.41 |       13917.10 |        1000.96 |           4096 |
|       6000 |     157.21 |       13936.03 |        1041.92 |           2048 |
Model saved to td_agent_episode_ft6000.pkl
|       6100 |     238.30 |       13937.25 |         940.80 |           2048 |
|       6200 |     152.55 |       13948.66 |        1039.36 |           2048 |
|       6300 |     152.33 |       13954.61 |         931.84 |           2048 |
|       6400 |     173.11 |       13973.33 |         997.12 |           2048 |
|       6500 |     145.98 |       13969.19 |         945.92 |           2048 |
|       6600 |     154.17 |       13982.41 |        1021.44 |           2048 |
|       6700 |     145.28 |       13975.63 |         893.44 |           2048 |
|       6800 |     156.36 |       13989.34 |         983.04 |           2048 |
|       6900 |     159.39 |       14012.40 |        1077.76 |           2048 |
|       7000 |     170.36 |       14025.48 |        1002.24 |           2048 |
Model saved to td_agent_episode_ft7000.pkl
|       7100 |     248.52 |       14033.27 |        1000.96 |           2048 |
|       7200 |     160.63 |       14053.17 |        1047.04 |           2048 |
|       7300 |     168.38 |       14059.62 |        1003.52 |           4096 |
|       7400 |     161.48 |       14080.83 |        1059.84 |           2048 |
|       7500 |     150.96 |       14080.52 |         947.20 |           2048 |
|       7600 |     159.19 |       14095.68 |        1039.36 |           4096 |
|       7700 |     179.12 |       14119.37 |        1039.36 |           2048 |
|       7800 |     155.00 |       14126.63 |         988.16 |           2048 |
|       7900 |     158.14 |       14137.46 |         990.72 |           2048 |
|       8000 |     159.50 |       14150.15 |         990.72 |           2048 |
Model saved to td_agent_episode_ft8000.pkl
|       8100 |     259.36 |       14170.59 |        1057.28 |           2048 |
|       8200 |     171.73 |       14177.89 |        1021.44 |           2048 |
|       8300 |     164.56 |       14199.22 |        1039.36 |           4096 |
|       8400 |     161.44 |       14215.10 |        1062.40 |           2048 |
|       8500 |     170.84 |       14220.69 |         990.72 |           2048 |
|       8600 |     151.93 |       14222.76 |         983.04 |           2048 |
|       8700 |     154.14 |       14226.74 |         985.60 |           2048 |
|       8800 |     152.60 |       14228.01 |         967.68 |           2048 |
|       8900 |     154.85 |       14232.54 |         998.40 |           2048 |
|       9000 |     149.57 |       14229.76 |         929.28 |           2048 |
Model saved to td_agent_episode_ft9000.pkl
|       9100 |     268.47 |       14236.45 |        1018.88 |           2048 |
|       9200 |     157.37 |       14244.16 |        1011.20 |           2048 |
|       9300 |     161.19 |       14256.61 |        1070.08 |           2048 |
|       9400 |     157.14 |       14263.76 |         998.40 |           2048 |
|       9500 |     158.19 |       14271.02 |         990.72 |           2048 |
|       9600 |     161.66 |       14281.09 |        1039.36 |           2048 |
|       9700 |     184.93 |       14302.21 |        1131.52 |           2048 |
|       9800 |     160.85 |       14313.69 |        1057.28 |           2048 |
|       9900 |     161.36 |       14324.86 |        1009.92 |           2048 |
|      10000 |     171.65 |       14348.73 |        1136.64 |           4096 |
Model saved to td_agent_episode_ft10000.pkl
|      10100 |     339.06 |       14356.48 |        1029.12 |           2048 |
|      10200 |     179.92 |       14363.78 |        1021.44 |           2048 |
|      10300 |     162.10 |       14372.00 |        1018.88 |           2048 |
|      10400 |     165.96 |       14385.41 |        1052.16 |           2048 |
|      10500 |     153.97 |       14384.60 |         954.88 |           2048 |
|      10600 |     168.21 |       14402.49 |        1085.44 |           2048 |
|      10700 |     179.69 |       14412.62 |        1044.48 |           2048 |
|      10800 |     152.30 |       14409.49 |         949.76 |           2048 |
|      10900 |     155.57 |       14409.93 |         985.60 |           2048 |
|      11000 |     168.76 |       14423.67 |        1044.48 |           2048 |
Model saved to td_agent_episode_ft11000.pkl
|      11100 |     272.74 |       14442.63 |        1113.60 |           4096 |
|      11200 |     187.05 |       14459.25 |        1082.88 |           2048 |
|      11300 |     167.55 |       14473.20 |        1064.96 |           4096 |
|      11400 |     176.60 |       14496.46 |        1100.80 |           2048 |
|      11500 |     156.53 |       14497.43 |         983.04 |           2048 |
|      11600 |     186.60 |       14511.99 |        1072.64 |           2048 |
|      11700 |     161.27 |       14518.33 |         998.40 |           2048 |
|      11800 |     170.75 |       14534.28 |        1100.80 |           2048 |
|      11900 |     168.66 |       14547.30 |        1064.96 |           2048 |
|      12000 |     158.14 |       14549.92 |        1000.96 |           2048 |
Model saved to td_agent_episode_ft12000.pkl
|      12100 |     269.07 |       14563.82 |        1067.52 |           2048 |
|      12200 |     167.76 |       14576.46 |        1075.20 |           2048 |
|      12300 |     158.50 |       14579.03 |         980.48 |           4096 |
|      12400 |     180.08 |       14585.94 |        1044.48 |           2048 |
|      12500 |     164.19 |       14593.92 |        1049.60 |           2048 |
|      12600 |     160.57 |       14599.61 |        1049.60 |           4096 |
|      12700 |     168.75 |       14617.74 |        1141.76 |           2048 |
|      12800 |     164.67 |       14627.64 |        1076.48 |           4096 |
|      12900 |     192.61 |       14645.41 |        1152.00 |           2048 |
|      13000 |     178.19 |       14665.48 |        1126.40 |           2048 |
Model saved to td_agent_episode_ft13000.pkl
|      13100 |     266.09 |       14667.46 |         998.40 |           2048 |
|      13200 |     150.15 |       14659.63 |         929.28 |           2048 |
|      13300 |     168.85 |       14670.50 |        1072.64 |           4096 |
|      13400 |     165.16 |       14678.08 |        1036.80 |           2048 |
|      13500 |     192.15 |       14693.34 |        1111.04 |           2048 |
|      13600 |     162.59 |       14698.40 |        1072.64 |           2048 |
|      13700 |     163.66 |       14703.00 |        1013.76 |           2048 |
|      13800 |     172.16 |       14715.37 |        1077.76 |           2048 |
|      13900 |     169.80 |       14726.22 |        1085.44 |           2048 |
|      14000 |     169.49 |       14735.86 |        1072.64 |           2048 |
Model saved to td_agent_episode_ft14000.pkl
|      14100 |     257.47 |       14734.83 |         975.36 |           2048 |
|      14200 |     194.90 |       14750.37 |        1121.28 |           2048 |
|      14300 |     162.41 |       14752.25 |        1018.88 |           2048 |
|      14400 |     162.62 |       14754.55 |         993.28 |           2048 |
|      14500 |     160.88 |       14756.07 |        1039.36 |           2048 |
|      14600 |     163.12 |       14760.05 |        1062.40 |           4096 |
|      14700 |     170.17 |       14768.47 |        1047.04 |           2048 |
|      14800 |     174.61 |       14781.92 |        1139.20 |           2048 |
|      14900 |     164.95 |       14787.00 |        1036.80 |           2048 |
|      15000 |     161.28 |       14787.23 |         960.00 |           2048 |
Model saved to td_agent_episode_ft15000.pkl
|      15100 |     259.94 |       14783.73 |         949.76 |           2048 |
|      15200 |     170.59 |       14792.72 |        1062.40 |           4096 |
|      15300 |     188.73 |       14800.74 |        1052.16 |           2048 |
|      15400 |     166.22 |       14804.29 |         983.04 |           2048 |
|      15500 |     167.93 |       14810.12 |        1061.12 |           2048 |
|      15600 |     184.97 |       14830.63 |        1195.52 |           4096 |
|      15700 |     164.20 |       14833.00 |        1029.12 |           2048 |
|      15800 |     161.47 |       14833.45 |         993.28 |           4096 |
|      15900 |     167.54 |       14838.73 |        1021.44 |           2048 |
|      16000 |     172.47 |       14848.39 |        1118.72 |           4096 |
Model saved to td_agent_episode_ft16000.pkl
|      16100 |     274.90 |       14852.98 |        1062.40 |           2048 |
|      16200 |     164.83 |       14856.30 |        1047.04 |           2048 |
|      16300 |     163.23 |       14858.26 |        1016.32 |           2048 |
|      16400 |     197.18 |       14872.28 |        1149.44 |           4096 |
|      16500 |     167.18 |       14877.43 |        1026.56 |           4096 |
|      16600 |     172.30 |       14886.49 |        1112.32 |           4096 |
|      16700 |     195.90 |       14897.09 |        1095.68 |           4096 |
|      16800 |     172.17 |       14905.28 |        1082.88 |           4096 |
|      16900 |     163.71 |       14907.93 |        1052.16 |           4096 |
|      17000 |     170.09 |       14915.39 |        1103.36 |           4096 |
Model saved to td_agent_episode_ft17000.pkl
|      17100 |     284.41 |       14920.38 |        1036.80 |           2048 |
|      17200 |     173.06 |       14929.47 |        1098.24 |           4096 |
|      17300 |     167.63 |       14933.68 |        1052.16 |           2048 |
|      17400 |     167.54 |       14936.03 |         983.04 |           2048 |
|      17500 |     201.01 |       14949.89 |        1187.84 |           2048 |
|      17600 |     168.63 |       14953.49 |        1031.68 |           2048 |
|      17700 |     166.42 |       14956.74 |        1085.44 |           2048 |
|      17800 |     179.31 |       14969.97 |        1187.84 |           4096 |
|      17900 |     198.28 |       14981.55 |        1172.48 |           2048 |
|      18000 |     168.29 |       14985.33 |        1003.52 |           2048 |
Model saved to td_agent_episode_ft18000.pkl
|      18100 |     287.82 |       14988.31 |        1003.52 |           2048 |
|      18200 |     173.92 |       14996.46 |        1113.60 |           2048 |
|      18300 |     174.15 |       15004.01 |        1098.24 |           2048 |
|      18400 |     165.43 |       15004.55 |        1011.20 |           2048 |
|      18500 |     171.99 |       15011.48 |        1095.68 |           2048 |
|      18600 |     164.81 |       15013.24 |        1013.76 |           2048 |
|      18700 |     185.43 |       15016.59 |        1070.08 |           2048 |
|      18800 |     166.64 |       15019.75 |        1021.44 |           2048 |
|      18900 |     161.35 |       15019.25 |        1021.44 |           2048 |
|      19000 |     141.13 |       15018.25 |         980.48 |           2048 |
Model saved to td_agent_episode_ft19000.pkl
|      19100 |     300.11 |       15018.16 |        1008.64 |           4096 |
|      19200 |     168.46 |       15021.36 |        1047.04 |           2048 |
|      19300 |     140.95 |       15020.24 |         993.28 |           2048 |
|      19400 |     166.93 |       15023.75 |        1057.28 |           2048 |
|      19500 |     199.49 |       15034.81 |        1123.84 |           2048 |
|      19600 |     178.32 |       15045.13 |        1121.28 |           4096 |
|      19700 |     170.16 |       15049.07 |        1024.00 |           2048 |
|      19800 |     164.37 |       15050.05 |        1029.12 |           4096 |
|      19900 |     191.25 |       15059.31 |        1141.76 |           4096 |
|      20000 |     173.54 |       15062.58 |        1075.20 |           2048 |
Model saved to td_agent_episode_ft20000.pkl
|      20100 |     292.73 |       15066.50 |        1059.84 |           2048 |
|      20200 |     174.43 |       15073.23 |        1089.28 |           4096 |
|      20300 |     169.97 |       15076.90 |        1085.44 |           2048 |
|      20400 |     175.50 |       15084.64 |        1128.96 |           2048 |
|      20500 |     174.81 |       15092.37 |        1105.92 |           4096 |
|      20600 |     167.22 |       15093.79 |        1000.96 |           2048 |
|      20700 |     169.31 |       15096.80 |        1048.32 |           2048 |
|      20800 |     163.11 |       15096.03 |         990.72 |           2048 |
|      20900 |     199.66 |       15105.11 |        1141.76 |           2048 |
|      21000 |     183.26 |       15116.36 |        1130.24 |           2048 |
Model saved to td_agent_episode_ft21000.pkl
|      21100 |     300.88 |       15121.76 |        1077.76 |           2048 |
|      21200 |     182.22 |       15131.72 |        1095.68 |           2048 |
|      21300 |     187.80 |       15146.39 |        1192.96 |           4096 |
|      21400 |     165.16 |       15146.04 |         995.84 |           2048 |
|      21500 |     183.21 |       15156.41 |        1149.44 |           2048 |
|      21600 |     169.56 |       15159.97 |        1095.68 |           2048 |
|      21700 |     172.24 |       15165.07 |        1080.32 |           2048 |
|      21800 |     196.55 |       15171.69 |        1088.00 |           2048 |
|      21900 |     163.25 |       15171.09 |        1034.24 |           2048 |
|      22000 |     180.36 |       15180.75 |        1172.48 |           4096 |
Model saved to td_agent_episode_ft22000.pkl
|      22100 |     291.56 |       15180.84 |         998.40 |           4096 |
|      22200 |     173.67 |       15185.89 |        1077.76 |           2048 |
|      22300 |     189.33 |       15190.80 |        1095.68 |           2048 |
|      22400 |     193.90 |       15204.74 |        1213.44 |           2048 |
|      22500 |     176.37 |       15211.47 |        1108.48 |           4096 |
|      22600 |     179.46 |       15220.04 |        1157.12 |           2048 |
|      22700 |     164.59 |       15218.69 |         977.92 |           2048 |
|      22800 |     176.47 |       15224.35 |        1108.48 |           2048 |
|      22900 |     176.47 |       15230.22 |        1118.72 |           2048 |
|      23000 |     183.02 |       15240.38 |        1190.40 |           4096 |
Model saved to td_agent_episode_ft23000.pkl
|      23100 |     301.63 |       15245.84 |        1095.68 |           2048 |
|      23200 |     180.64 |       15254.04 |        1128.96 |           2048 |
|      23300 |     171.14 |       15256.24 |        1031.68 |           2048 |
|      23400 |     181.30 |       15264.42 |        1141.76 |           2048 |
|      23500 |     175.38 |       15269.40 |        1070.08 |           4096 |
|      23600 |     167.15 |       15270.12 |        1038.08 |           2048 |
|      23700 |     173.24 |       15273.69 |        1052.16 |           2048 |
|      23800 |     169.22 |       15275.86 |        1064.96 |           2048 |
|      23900 |     176.52 |       15281.32 |        1098.24 |           2048 |
|      24000 |     176.00 |       15286.80 |        1113.60 |           2048 |
Model saved to td_agent_episode_ft24000.pkl
|      24100 |     304.10 |       15289.03 |        1075.20 |           2048 |
|      24200 |     194.39 |       15291.57 |        1056.00 |           4096 |
|      24300 |     178.54 |       15297.95 |        1136.64 |           2048 |
|      24400 |     186.14 |       15308.09 |        1185.28 |           4096 |
|      24500 |     166.81 |       15307.43 |         993.28 |           2048 |
|      24600 |     187.78 |       15318.01 |        1159.68 |           2048 |
|      24700 |     178.96 |       15323.98 |        1121.28 |           2048 |
|      24800 |     171.00 |       15325.43 |        1027.84 |           4096 |
|      24900 |     181.05 |       15332.36 |        1139.20 |           2048 |
|      25000 |     174.04 |       15335.35 |        1064.96 |           2048 |
Model saved to td_agent_episode_ft25000.pkl
|      25100 |     315.31 |       15338.74 |        1082.88 |           4096 |
|      25200 |     175.03 |       15344.09 |        1136.64 |           2048 |
|      25300 |     194.97 |       15347.46 |        1062.40 |           2048 |
|      25400 |     166.16 |       15346.96 |        1008.64 |           2048 |
|      25500 |     168.57 |       15348.37 |        1088.00 |           2048 |
|      25600 |     178.05 |       15354.56 |        1135.36 |           2048 |
|      25700 |     184.83 |       15361.27 |        1172.48 |           2048 |
|      25800 |     174.93 |       15365.01 |        1098.24 |           2048 |
|      25900 |     174.23 |       15368.64 |        1098.24 |           2048 |
|      26000 |     173.41 |       15372.09 |        1088.00 |           2048 |
Model saved to td_agent_episode_ft26000.pkl
|      26100 |     304.41 |       15373.56 |        1064.96 |           2048 |
|      26200 |     178.62 |       15379.35 |        1149.44 |           2048 |
|      26300 |     165.35 |       15378.65 |        1029.12 |           2048 |
|      26400 |     168.85 |       15380.04 |        1049.60 |           2048 |
|      26500 |     182.96 |       15387.52 |        1128.96 |           2048 |
|      26600 |     175.90 |       15391.88 |        1082.88 |           4096 |
|      26700 |     172.93 |       15394.50 |        1057.28 |           4096 |
|      26800 |     175.30 |       15397.69 |        1103.36 |           4096 |
|      26900 |     174.02 |       15400.74 |        1091.84 |           4096 |
|      27000 |     155.63 |       15394.58 |         913.92 |           2048 |
Model saved to td_agent_episode_ft27000.pkl
|      27100 |     306.06 |       15394.04 |        1026.56 |           2048 |
|      27200 |     169.72 |       15394.48 |        1029.12 |           2048 |
|      27300 |     188.73 |       15403.72 |        1167.36 |           4096 |
|      27400 |     175.68 |       15407.26 |        1082.88 |           2048 |
|      27500 |     170.75 |       15408.24 |        1029.12 |           2048 |
|      27600 |     175.34 |       15411.91 |        1088.00 |           4096 |
|      27700 |     181.40 |       15417.98 |        1169.92 |           2048 |
|      27800 |     170.64 |       15418.93 |        1052.16 |           4096 |
|      27900 |     182.15 |       15425.51 |        1146.88 |           4096 |
|      28000 |     172.34 |       15427.10 |        1044.48 |           2048 |
Model saved to td_agent_episode_ft28000.pkl
|      28100 |     315.65 |       15431.93 |        1077.76 |           4096 |
|      28200 |     180.14 |       15436.77 |        1103.36 |           2048 |
|      28300 |     175.52 |       15439.45 |        1067.52 |           2048 |
|      28400 |     181.34 |       15443.06 |        1080.32 |           2048 |
|      28500 |     185.97 |       15448.77 |        1121.28 |           2048 |
|      28600 |     187.65 |       15456.94 |        1149.44 |           2048 |
|      28700 |     175.61 |       15459.78 |        1088.00 |           2048 |
|      28800 |     177.01 |       15463.31 |        1117.44 |           2048 |
|      28900 |     172.42 |       15464.80 |        1070.08 |           4096 |
|      29000 |     175.44 |       15467.86 |        1111.04 |           2048 |
Model saved to td_agent_episode_ft29000.pkl
|      29100 |     317.31 |       15470.03 |        1090.56 |           4096 |
|      29200 |     212.40 |       15479.70 |        1251.84 |           4096 |
|      29300 |     177.48 |       15482.82 |        1111.04 |           2048 |
|      29400 |     182.44 |       15488.00 |        1113.60 |           2048 |
|      29500 |     176.74 |       15490.40 |        1080.32 |           2048 |
|      29600 |     163.27 |       15487.62 |        1012.48 |           4096 |
|      29700 |     180.50 |       15492.53 |        1136.64 |           2048 |
|      29800 |     175.10 |       15494.67 |        1075.20 |           2048 |
|      29900 |     174.75 |       15496.19 |        1036.80 |           2048 |
|      30000 |     175.49 |       15498.96 |        1072.64 |           4096 |
Model saved to td_agent_episode_ft30000.pkl
|      30100 |     328.62 |       15502.97 |        1131.52 |           2048 |
|      30200 |     179.71 |       15507.02 |        1149.44 |           4096 |
|      30300 |     181.40 |       15511.71 |        1128.96 |           2048 |
|      30400 |     175.95 |       15514.40 |        1085.44 |           4096 |
|      30500 |     184.06 |       15519.94 |        1134.08 |           4096 |
|      30600 |     173.28 |       15521.43 |        1095.68 |           4096 |
|      30700 |     189.59 |       15529.96 |        1226.24 |           4096 |
|      30800 |     182.45 |       15535.06 |        1121.28 |           4096 |
|      30900 |     176.05 |       15537.47 |        1118.72 |           4096 |
|      31000 |     167.50 |       15535.85 |        1003.52 |           2048 |
Model saved to td_agent_episode_ft31000.pkl
|      31100 |     331.05 |       15543.21 |        1182.72 |           4096 |
|      31200 |     168.47 |       15541.56 |         975.36 |           2048 |
|      31300 |     184.01 |       15547.55 |        1152.00 |           2048 |
|      31400 |     173.81 |       15549.68 |        1100.80 |           4096 |
|      31500 |     174.17 |       15551.35 |        1072.64 |           4096 |
|      31600 |     195.11 |       15552.60 |        1070.08 |           4096 |
|      31700 |     177.98 |       15555.75 |        1100.80 |           2048 |
|      31800 |     143.31 |       15554.05 |         985.60 |           2048 |
|      31900 |     184.36 |       15559.94 |        1195.52 |           4096 |
|      32000 |     193.00 |       15562.85 |        1095.68 |           4096 |
Model saved to td_agent_episode_ft32000.pkl
|      32100 |     336.77 |       15565.95 |        1126.40 |           4096 |
|      32200 |     176.50 |       15567.35 |        1044.48 |           2048 |
|      32300 |     152.73 |       15569.29 |        1064.96 |           2048 |
|      32400 |     187.85 |       15575.94 |        1185.28 |           4096 |
|      32500 |     210.13 |       15582.30 |        1181.44 |           4096 |
|      32600 |     147.63 |       15582.39 |        1059.84 |           2048 |
|      32700 |     209.38 |       15587.66 |        1123.84 |           4096 |
|      32800 |     149.69 |       15588.20 |        1031.68 |           2048 |
|      32900 |     176.35 |       15590.47 |        1108.48 |           2048 |
|      33000 |     179.72 |       15593.52 |        1105.92 |           2048 |
Model saved to td_agent_episode_ft33000.pkl
|      33100 |     339.42 |       15596.75 |        1108.48 |           2048 |
|      33200 |     184.18 |       15601.08 |        1105.92 |           2048 |
|      33300 |     181.09 |       15604.69 |        1139.20 |           2048 |
|      33400 |     168.98 |       15603.56 |        1024.00 |           4096 |
|      33500 |     188.97 |       15610.19 |        1190.40 |           2048 |
|      33600 |     181.21 |       15612.91 |        1067.52 |           2048 |
|      33700 |     194.53 |       15621.55 |        1203.20 |           4096 |
|      33800 |     179.99 |       15624.76 |        1085.44 |           2048 |
|      33900 |     184.16 |       15629.13 |        1152.00 |           2048 |
|      34000 |     170.12 |       15629.35 |        1072.64 |           4096 |
Model saved to td_agent_episode_ft34000.pkl
|      34100 |     332.35 |       15633.18 |        1105.92 |           2048 |
|      34200 |     176.61 |       15635.26 |        1100.80 |           2048 |
|      34300 |     188.38 |       15641.81 |        1203.20 |           4096 |
|      34400 |     178.99 |       15644.50 |        1093.12 |           2048 |
|      34500 |     183.79 |       15649.11 |        1157.12 |           2048 |
|      34600 |     179.95 |       15652.60 |        1125.12 |           4096 |
|      34700 |     175.91 |       15654.23 |        1095.68 |           2048 |
|      34800 |     175.73 |       15655.14 |        1041.92 |           2048 |
|      34900 |     180.58 |       15658.53 |        1139.20 |           2048 |
|      35000 |     176.92 |       15660.09 |        1059.84 |           2048 |
Model saved to td_agent_episode_ft35000.pkl
|      35100 |     334.30 |       15660.66 |        1008.64 |           2048 |
|      35200 |     171.63 |       15661.56 |        1059.84 |           2048 |
|      35300 |     192.64 |       15661.31 |        1034.24 |           2048 |
|      35400 |     176.36 |       15662.92 |        1044.48 |           2048 |
|      35500 |     177.25 |       15665.72 |        1116.16 |           4096 |
|      35600 |     177.63 |       15669.05 |        1131.52 |           2048 |
|      35700 |     169.01 |       15668.67 |        1000.96 |           2048 |
|      35800 |     142.68 |       15667.57 |         980.48 |           2048 |
|      35900 |     193.13 |       15670.16 |        1100.80 |           2048 |
|      36000 |     181.48 |       15672.70 |        1095.68 |           2048 |
Model saved to td_agent_episode_ft36000.pkl
|      36100 |     331.99 |       15674.66 |        1085.44 |           2048 |
|      36200 |     168.14 |       15677.15 |        1111.04 |           2048 |
|      36300 |     159.35 |       15680.53 |        1131.52 |           4096 |
|      36400 |     170.65 |       15681.45 |        1049.60 |           2048 |
|      36500 |     180.72 |       15686.17 |        1182.72 |           4096 |
|      36600 |     172.86 |       15688.24 |        1116.16 |           2048 |
|      36700 |     171.82 |       15689.72 |        1080.32 |           4096 |
|      36800 |     179.48 |       15693.51 |        1105.92 |           2048 |
|      36900 |     201.72 |       15696.62 |        1126.40 |           4096 |
|      37000 |     154.18 |       15700.04 |        1105.92 |           2048 |
Model saved to td_agent_episode_ft37000.pkl
|      37100 |     332.91 |       15702.57 |        1113.60 |           2048 |
|      37200 |     211.35 |       15708.19 |        1192.96 |           2048 |
|      37300 |     150.65 |       15710.40 |        1121.28 |           4096 |
|      37400 |     201.57 |       15712.75 |        1123.84 |           2048 |
|      37500 |     175.01 |       15714.45 |        1088.00 |           2048 |
|      37600 |     183.32 |       15719.10 |        1159.68 |           2048 |
|      37700 |     159.70 |       15724.10 |        1128.96 |           2048 |
|      37800 |     178.72 |       15727.21 |        1134.08 |           2048 |
|      37900 |     181.42 |       15730.82 |        1108.48 |           2048 |
|      38000 |     180.18 |       15734.09 |        1116.16 |           2048 |
Model saved to td_agent_episode_ft38000.pkl
|      38100 |     356.56 |       15741.22 |        1223.68 |           2048 |
|      38200 |     172.27 |       15742.66 |        1108.48 |           4096 |
|      38300 |     177.68 |       15745.55 |        1111.04 |           2048 |
|      38400 |     176.93 |       15748.47 |        1135.36 |           2048 |
|      38500 |     172.06 |       15749.14 |        1040.64 |           2048 |
|      38600 |     180.83 |       15753.24 |        1146.88 |           4096 |
|      38700 |     173.76 |       15755.07 |        1113.60 |           4096 |
|      38800 |     183.52 |       15760.23 |        1187.84 |           2048 |
|      38900 |     178.87 |       15763.81 |        1154.56 |           4096 |
|      39000 |     174.97 |       15765.46 |        1093.12 |           2048 |
Model saved to td_agent_episode_ft39000.pkl
|      39100 |     338.85 |       15767.92 |        1095.68 |           2048 |
|      39200 |     186.77 |       15773.22 |        1180.16 |           2048 |
|      39300 |     187.28 |       15778.34 |        1154.56 |           2048 |
|      39400 |     178.37 |       15780.88 |        1103.36 |           4096 |
|      39500 |     173.79 |       15781.78 |        1062.40 |           4096 |
|      39600 |     169.81 |       15781.50 |        1044.48 |           2048 |
|      39700 |     169.73 |       15781.09 |        1041.92 |           4096 |
|      39800 |     187.23 |       15786.47 |        1164.80 |           4096 |
|      39900 |     181.92 |       15790.36 |        1164.80 |           4096 |
|      40000 |     180.34 |       15793.58 |        1141.76 |           2048 |
Model saved to td_agent_episode_ft40000.pkl
|      40100 |     346.96 |       15797.15 |        1126.40 |           2048 |
|      40200 |     178.75 |       15799.87 |        1108.48 |           2048 |
|      40300 |     180.74 |       15803.65 |        1172.48 |           4096 |
|      40400 |     183.31 |       15808.04 |        1167.36 |           2048 |
|      40500 |     186.08 |       15813.49 |        1182.72 |           4096 |
|      40600 |     174.92 |       15814.82 |        1080.32 |           2048 |
|      40700 |     187.36 |       15820.31 |        1175.04 |           4096 |
|      40800 |     176.99 |       15822.55 |        1090.56 |           2048 |
|      40900 |     172.47 |       15823.53 |        1103.36 |           2048 |
|      41000 |     181.35 |       15827.13 |        1139.20 |           4096 |
Model saved to td_agent_episode_ft41000.pkl
|      41100 |     354.97 |       15830.86 |        1164.80 |           2048 |
|      41200 |     161.37 |       15835.86 |        1146.88 |           2048 |
|      41300 |     180.85 |       15838.92 |        1085.44 |           2048 |
|      41400 |     192.16 |       15845.75 |        1185.28 |           2048 |
|      41500 |     208.88 |       15850.04 |        1192.96 |           2048 |
|      41600 |     184.48 |       15854.68 |        1177.60 |           4096 |
|      41700 |     165.16 |       15853.09 |        1017.60 |           4096 |
|      41800 |     144.03 |       15853.22 |        1077.76 |           2048 |
|      41900 |     181.57 |       15856.50 |        1103.36 |           2048 |
|      42000 |     183.20 |       15860.24 |        1136.64 |           2048 |
Model saved to td_agent_episode_ft42000.pkl
|      42100 |     356.80 |       15861.55 |        1098.24 |           4096 |
|      42200 |     182.72 |       15866.21 |        1205.76 |           4096 |
|      42300 |     178.79 |       15869.51 |        1153.28 |           2048 |
|      42400 |     177.60 |       15871.84 |        1100.80 |           2048 |
|      42500 |     179.00 |       15874.67 |        1157.12 |           4096 |
|      42600 |     178.63 |       15877.36 |        1134.08 |           2048 |
|      42700 |     177.57 |       15879.54 |        1113.60 |           2048 |
|      42800 |     180.77 |       15882.83 |        1141.76 |           2048 |
|      42900 |     185.42 |       15887.32 |        1208.32 |           2048 |
|      43000 |     176.36 |       15888.69 |        1118.72 |           2048 |
Model saved to td_agent_episode_ft43000.pkl
|      43100 |     353.83 |       15892.32 |        1185.28 |           2048 |
|      43200 |     182.11 |       15895.10 |        1100.80 |           4096 |
|      43300 |     178.13 |       15897.15 |        1095.68 |           2048 |
|      43400 |     178.32 |       15899.57 |        1141.76 |           4096 |
|      43500 |     187.60 |       15904.54 |        1190.40 |           4096 |
|      43600 |     174.37 |       15905.13 |        1068.80 |           2048 |
|      43700 |     171.41 |       15905.40 |        1108.48 |           4096 |
|      43800 |     155.32 |       15908.18 |        1121.28 |           2048 |
|      43900 |     180.95 |       15910.84 |        1159.68 |           2048 |
|      44000 |     177.97 |       15912.66 |        1090.56 |           4096 |
Model saved to td_agent_episode_ft44000.pkl
|      44100 |     353.26 |       15915.41 |        1067.52 |           2048 |
|      44200 |     183.98 |       15919.36 |        1167.36 |           2048 |
|      44300 |     163.15 |       15917.29 |         997.12 |           2048 |
|      44400 |     189.31 |       15923.61 |        1264.64 |           4096 |
|      44500 |     179.95 |       15926.50 |        1146.88 |           2048 |
|      44600 |     175.32 |       15928.19 |        1126.40 |           2048 |
|      44700 |     182.91 |       15931.95 |        1167.36 |           2048 |
|      44800 |     183.09 |       15935.72 |        1182.72 |           2048 |
|      44900 |     176.66 |       15937.68 |        1141.76 |           4096 |
|      45000 |     180.82 |       15940.81 |        1152.00 |           4096 |
Model saved to td_agent_episode_ft45000.pkl
|      45100 |     372.19 |       15944.71 |        1182.72 |           4096 |
|      45200 |     187.91 |       15949.33 |        1203.20 |           4096 |
|      45300 |     175.71 |       15950.29 |        1108.48 |           4096 |
|      45400 |     182.70 |       15952.87 |        1139.20 |           2048 |
|      45500 |     178.43 |       15954.65 |        1111.04 |           2048 |
|      45600 |     185.05 |       15958.43 |        1185.28 |           2048 |
|      45700 |     173.18 |       15958.64 |        1054.72 |           4096 |
|      45800 |     183.04 |       15961.78 |        1164.80 |           2048 |
|      45900 |     197.83 |       15968.98 |        1251.84 |           2048 |
|      46000 |     191.82 |       15974.67 |        1259.52 |           2048 |
Model saved to td_agent_episode_ft46000.pkl
|      46100 |     355.73 |       15974.65 |        1077.76 |           2048 |
|      46200 |     182.00 |       15976.79 |        1118.72 |           2048 |
|      46300 |     186.15 |       15980.67 |        1203.20 |           2048 |
|      46400 |     149.97 |       15981.50 |        1062.40 |           4096 |
|      46500 |     189.06 |       15985.71 |        1157.12 |           2048 |
|      46600 |     181.48 |       15988.13 |        1121.28 |           4096 |
|      46700 |     179.09 |       15989.92 |        1146.88 |           2048 |
|      46800 |     169.95 |       15988.87 |        1024.00 |           2048 |
|      46900 |     181.99 |       15990.81 |        1103.36 |           2048 |
|      47000 |     177.74 |       15991.86 |        1059.84 |           2048 |
Model saved to td_agent_episode_ft47000.pkl
|      47100 |     330.50 |       15993.05 |        1075.20 |           2048 |
|      47200 |     189.15 |       15996.53 |        1126.40 |           2048 |
|      47300 |     187.47 |       16000.31 |        1177.60 |           2048 |
|      47400 |     184.27 |       16003.20 |        1154.56 |           2048 |
|      47500 |     177.27 |       16004.29 |        1095.68 |           4096 |
|      47600 |     190.79 |       16008.94 |        1203.20 |           2048 |
|      47700 |     179.36 |       16010.61 |        1134.08 |           2048 |
|      47800 |     194.58 |       16016.57 |        1256.96 |           4096 |
|      47900 |     184.25 |       16019.10 |        1098.24 |           2048 |
|      48000 |     187.44 |       16022.82 |        1150.72 |           4096 |
Model saved to td_agent_episode_ft48000.pkl
|      48100 |     381.03 |       16026.00 |        1157.12 |           4096 |
|      48200 |     193.40 |       16031.28 |        1246.72 |           2048 |
|      48300 |     192.90 |       16036.75 |        1280.00 |           4096 |
|      48400 |     180.86 |       16038.72 |        1126.40 |           2048 |
|      48500 |     177.73 |       16039.59 |        1093.12 |           2048 |
|      48600 |     172.00 |       16041.14 |        1123.84 |           4096 |
|      48700 |     162.61 |       16043.31 |        1141.76 |           2048 |
|      48800 |     185.65 |       16046.18 |        1121.28 |           2048 |
|      48900 |     196.87 |       16052.62 |        1295.36 |           2048 |
|      49000 |     174.80 |       16052.35 |        1021.44 |           2048 |
Model saved to td_agent_episode_ft49000.pkl
|      49100 |     395.72 |       16057.46 |        1251.84 |           4096 |
|      49200 |     188.18 |       16060.51 |        1139.20 |           2048 |
|      49300 |     192.98 |       16063.76 |        1168.64 |           4096 |
|      49400 |     214.72 |       16069.19 |        1236.48 |           2048 |
|      49500 |     215.07 |       16072.70 |        1182.72 |           4096 |
|      49600 |     192.24 |       16075.22 |        1169.92 |           2048 |
|      49700 |     184.68 |       16077.45 |        1146.88 |           2048 |
|      49800 |     204.02 |       16083.58 |        1256.96 |           4096 |
|      49900 |     184.91 |       16083.72 |        1047.04 |           2048 |
|      50000 |     202.97 |       16089.04 |        1249.28 |           4096 |
Model saved to td_agent_episode_ft50000.pkl
|      50100 |     437.55 |       16090.88 |        1108.48 |           2048 |
|      50200 |     202.37 |       16094.06 |        1184.00 |           2048 |
|      50300 |     188.35 |       16095.67 |        1116.16 |           4096 |
|      50400 |     193.86 |       16098.52 |        1166.08 |           2048 |
|      50500 |     187.06 |       16099.79 |        1134.08 |           2048 |
|      50600 |     191.95 |       16102.70 |        1210.88 |           2048 |
|      50700 |     187.97 |       16106.26 |        1190.40 |           2048 |
|      50800 |     167.64 |       16108.13 |        1118.72 |           4096 |
|      50900 |     195.53 |       16111.64 |        1159.68 |           2048 |
|      51000 |     178.12 |       16110.65 |        1041.92 |           2048 |
Model saved to td_agent_episode_ft51000.pkl
|      51100 |     405.48 |       16114.32 |        1162.24 |           2048 |
|      51200 |     187.54 |       16115.49 |        1103.36 |           2048 |
|      51300 |     182.47 |       16117.19 |        1159.68 |           2048 |
|      51400 |     165.90 |       16118.74 |        1152.00 |           2048 |
|      51500 |     201.35 |       16123.84 |        1262.08 |           2048 |
|      51600 |     197.18 |       16127.69 |        1175.04 |           4096 |
|      51700 |     184.34 |       16128.18 |        1090.56 |           4096 |
|      51800 |     198.54 |       16132.38 |        1228.80 |           4096 |
|      51900 |     191.54 |       16134.96 |        1213.44 |           2048 |
|      52000 |     181.26 |       16135.07 |        1100.80 |           2048 |
Model saved to td_agent_episode_ft52000.pkl
|      52100 |     408.43 |       16136.05 |        1154.56 |           2048 |
|      52200 |     201.00 |       16140.22 |        1185.28 |           4096 |
|      52300 |     185.48 |       16140.47 |        1054.72 |           2048 |
|      52400 |     188.24 |       16141.54 |        1100.80 |           2048 |
|      52500 |     162.81 |       16143.51 |        1136.64 |           2048 |
|      52600 |     184.27 |       16143.87 |        1098.24 |           2048 |
|      52700 |     198.11 |       16147.33 |        1190.40 |           2048 |
|      52800 |     192.31 |       16149.19 |        1103.36 |           2048 |
|      52900 |     192.90 |       16151.25 |        1105.92 |           2048 |
|      53000 |     189.98 |       16152.57 |        1103.36 |           2048 |
|      52800 |     192.31 |       16149.19 |        1103.36 |           2048 |
|      52900 |     192.90 |       16151.25 |        1105.92 |           2048 |
|      53000 |     189.98 |       16152.57 |        1103.36 |           2048 |
Model saved to td_agent_episode_ft53000.pkl
|      53100 |     430.26 |       16156.78 |        1230.08 |           4096 |
|      53200 |     192.38 |       16158.67 |        1126.40 |           2048 |
|      53300 |     191.68 |       16160.56 |        1136.64 |           2048 |
|      53400 |     163.24 |       16162.89 |        1141.76 |           2048 |
|      53500 |     224.79 |       16165.64 |        1159.68 |           4096 |
|      53600 |     196.23 |       16168.62 |        1175.04 |           2048 |
|      53700 |     158.20 |       16169.60 |        1103.36 |           2048 |
|      53800 |     229.38 |       16173.51 |        1190.40 |           4096 |
|      53900 |     158.58 |       16174.68 |        1113.60 |           4096 |
|      54000 |     196.90 |       16178.13 |        1216.00 |           2048 |
Model saved to td_agent_episode_ft54000.pkl
|      54100 |     406.79 |       16181.66 |        1262.08 |           4096 |
|      54200 |     190.15 |       16182.78 |        1103.36 |           2048 |
|      54300 |     191.44 |       16184.55 |        1118.72 |           4096 |
|      54400 |     194.47 |       16187.18 |        1140.48 |           2048 |
|      54500 |     194.20 |       16189.75 |        1158.40 |           2048 |
|      54200 |     190.15 |       16182.78 |        1103.36 |           2048 |
|      54300 |     191.44 |       16184.55 |        1118.72 |           4096 |
|      54400 |     194.47 |       16187.18 |        1140.48 |           2048 |
|      54500 |     194.20 |       16189.75 |        1158.40 |           2048 |
|      54600 |     199.61 |       16193.60 |        1221.12 |           2048 |
|      54700 |     193.44 |       16195.84 |        1128.96 |           2048 |
|      54800 |     193.07 |       16198.03 |        1159.68 |           4096 |
|      54500 |     194.20 |       16189.75 |        1158.40 |           2048 |
|      54600 |     199.61 |       16193.60 |        1221.12 |           2048 |
|      54700 |     193.44 |       16195.84 |        1128.96 |           2048 |
|      54800 |     193.07 |       16198.03 |        1159.68 |           4096 |
|      54600 |     199.61 |       16193.60 |        1221.12 |           2048 |
|      54700 |     193.44 |       16195.84 |        1128.96 |           2048 |
|      54800 |     193.07 |       16198.03 |        1159.68 |           4096 |
|      54900 |     199.86 |       16201.91 |        1218.56 |           4096 |
|      55000 |     197.37 |       16203.84 |        1157.12 |           4096 |
Model saved to td_agent_episode_ft55000.pkl
|      55100 |     427.14 |       16206.93 |        1185.28 |           2048 |
|      54900 |     199.86 |       16201.91 |        1218.56 |           4096 |
|      55000 |     197.37 |       16203.84 |        1157.12 |           4096 |
Model saved to td_agent_episode_ft55000.pkl
|      55100 |     427.14 |       16206.93 |        1185.28 |           2048 |
Model saved to td_agent_episode_ft55000.pkl
|      55100 |     427.14 |       16206.93 |        1185.28 |           2048 |
|      55200 |     199.16 |       16210.68 |        1235.20 |           4096 |
|      55300 |     189.38 |       16212.03 |        1118.72 |           2048 |
|      55200 |     199.16 |       16210.68 |        1235.20 |           4096 |
|      55300 |     189.38 |       16212.03 |        1118.72 |           2048 |
|      55400 |     206.42 |       16217.29 |        1277.44 |           4096 |
|      55500 |     198.78 |       16220.72 |        1249.28 |           2048 |
|      55600 |     201.33 |       16224.31 |        1176.32 |           2048 |
|      55700 |     162.70 |       16226.11 |        1121.28 |           2048 |
|      55800 |     200.55 |       16229.59 |        1198.08 |           2048 |
|      55900 |     197.27 |       16232.40 |        1141.76 |           2048 |
|      56000 |     189.75 |       16233.64 |        1141.76 |           2048 |
Model saved to td_agent_episode_ft56000.pkl
|      56100 |     435.31 |       16237.75 |        1244.16 |           4096 |
|      56200 |     190.55 |       16239.07 |        1123.84 |           4096 |
|      56300 |     197.03 |       16241.96 |        1175.04 |           2048 |
|      56400 |     193.57 |       16244.12 |        1152.00 |           2048 |
|      56500 |     159.05 |       16245.41 |        1144.32 |           2048 |
|      56600 |     182.65 |       16245.14 |        1057.28 |           2048 |
|      56700 |     188.92 |       16246.24 |        1121.28 |           2048 |
|      56800 |     198.29 |       16249.41 |        1192.96 |           2048 |
|      56900 |     194.05 |       16252.15 |        1182.72 |           4096 |
|      57000 |     237.27 |       16252.22 |        1085.44 |           2048 |
Model saved to td_agent_episode_ft57000.pkl
|      57100 |     500.06 |       16254.82 |        1167.36 |           4096 |
|      57100 |     500.06 |       16254.82 |        1167.36 |           4096 |
|      57200 |     230.66 |       16259.44 |        1246.72 |           4096 |
|      57200 |     230.66 |       16259.44 |        1246.72 |           4096 |
|      57300 |     191.28 |       16261.21 |        1134.08 |           2048 |
|      57400 |     188.82 |       16262.78 |        1169.92 |           4096 |
|      57300 |     191.28 |       16261.21 |        1134.08 |           2048 |
|      57400 |     188.82 |       16262.78 |        1169.92 |           4096 |
|      57400 |     188.82 |       16262.78 |        1169.92 |           4096 |
|      57500 |     194.47 |       16265.32 |        1167.36 |           2048 |
|      57500 |     194.47 |       16265.32 |        1167.36 |           2048 |
|      57600 |     195.60 |       16268.00 |        1152.00 |           4096 |
|      57600 |     195.60 |       16268.00 |        1152.00 |           4096 |
|      57700 |     184.75 |       16268.32 |        1113.60 |           2048 |
|      57700 |     184.75 |       16268.32 |        1113.60 |           2048 |
|      57800 |     166.40 |       16271.60 |        1195.52 |           2048 |
|      57800 |     166.40 |       16271.60 |        1195.52 |           2048 |
|      57900 |     190.55 |       16273.36 |        1157.12 |           4096 |
|      57900 |     190.55 |       16273.36 |        1157.12 |           4096 |
|      58000 |     184.09 |       16273.70 |        1080.32 |           2048 |
Model saved to td_agent_episode_ft58000.pkl
|      58100 |     436.88 |       16276.62 |        1203.20 |           2048 |
|      58200 |     183.31 |       16276.45 |        1067.52 |           2048 |
|      58300 |     197.00 |       16279.73 |        1239.04 |           4096 |
|      58400 |     199.37 |       16283.04 |        1208.32 |           2048 |
|      58500 |     190.56 |       16284.49 |        1137.92 |           4096 |
|      58500 |     190.56 |       16284.49 |        1137.92 |           4096 |
|      58600 |     159.76 |       16285.79 |        1139.20 |           2048 |
|      58700 |     223.91 |       16287.86 |        1139.20 |           4096 |
|      58800 |     191.18 |       16289.63 |        1146.88 |           2048 |
|      58900 |     165.80 |       16292.21 |        1167.36 |           2048 |
|      59000 |     203.49 |       16296.52 |        1231.36 |           2048 |
Model saved to td_agent_episode_ft59000.pkl
|      59100 |     425.95 |       16298.84 |        1176.32 |           4096 |
|      59200 |     188.39 |       16299.78 |        1121.28 |           2048 |
|      59300 |     201.79 |       16303.72 |        1239.04 |           2048 |
|      59400 |     160.49 |       16305.27 |        1144.32 |           2048 |
|      59500 |     198.56 |       16308.40 |        1203.20 |           2048 |
|      59600 |     199.15 |       16311.77 |        1223.68 |           4096 |
|      59700 |     199.24 |       16315.04 |        1205.76 |           2048 |
|      59800 |     214.69 |       16319.84 |        1254.40 |           2048 |
|      59900 |     209.08 |       16321.54 |        1105.92 |           2048 |
|      60000 |     213.86 |       16326.38 |        1254.40 |           4096 |
Model saved to td_agent_episode_ft60000.pkl
|      60100 |     430.63 |       16327.04 |        1093.12 |           4096 |
|      60200 |     192.89 |       16328.91 |        1177.60 |           4096 |
|      60300 |     185.74 |       16330.81 |        1149.44 |           4096 |
|      60400 |     175.48 |       16332.91 |        1146.88 |           2048 |
|      60500 |     196.15 |       16335.18 |        1131.52 |           2048 |
|      60600 |     179.66 |       16334.17 |        1052.16 |           4096 |
|      60700 |     193.08 |       16335.91 |        1154.56 |           4096 |
|      60800 |     200.17 |       16339.13 |        1203.20 |           2048 |
|      60900 |     196.03 |       16341.55 |        1167.36 |           4096 |
|      61000 |     193.18 |       16343.46 |        1146.88 |           4096 |
Model saved to td_agent_episode_ft61000.pkl
|      61100 |     428.53 |       16345.00 |        1163.52 |           2048 |
|      61200 |     203.07 |       16348.75 |        1244.16 |           4096 |
|      61300 |     194.79 |       16350.63 |        1123.84 |           2048 |
|      61400 |     205.82 |       16355.44 |        1303.04 |           4096 |
|      61500 |     186.01 |       16356.07 |        1126.40 |           4096 |
|      61600 |     194.02 |       16358.33 |        1175.04 |           2048 |
|      61700 |     160.77 |       16360.08 |        1149.44 |           2048 |
|      61800 |     198.50 |       16362.80 |        1200.64 |           2048 |
|      61900 |     197.54 |       16365.32 |        1164.80 |           2048 |
|      62000 |     194.80 |       16367.26 |        1169.92 |           2048 |
Model saved to td_agent_episode_ft62000.pkl
|      62100 |     466.43 |       16369.12 |        1169.92 |           4096 |
|      62200 |     195.43 |       16371.26 |        1192.96 |           4096 |
|      62300 |     162.57 |       16373.26 |        1149.44 |           4096 |
|      62400 |     192.76 |       16374.99 |        1152.00 |           4096 |
|      62500 |     193.57 |       16377.06 |        1200.64 |           4096 |
|      62600 |     190.14 |       16377.97 |        1139.20 |           2048 |
|      62700 |     203.02 |       16381.43 |        1254.40 |           4096 |
|      62800 |     162.43 |       16382.99 |        1118.72 |           2048 |
|      62900 |     179.77 |       16381.86 |        1043.20 |           2048 |
|      63000 |     192.04 |       16383.28 |        1149.44 |           4096 |
Model saved to td_agent_episode_ft63000.pkl
|      63100 |     469.50 |       16387.31 |        1233.92 |           2048 |
|      63200 |     190.02 |       16388.07 |        1105.92 |           2048 |
|      63300 |     189.24 |       16388.80 |        1126.40 |           2048 |
|      63400 |     159.97 |       16390.18 |        1123.84 |           2048 |
|      63500 |     198.38 |       16392.75 |        1164.80 |           4096 |
|      63600 |     203.48 |       16396.58 |        1282.56 |           4096 |
|      63700 |     205.91 |       16400.37 |        1228.80 |           2048 |
|      63800 |     191.12 |       16401.54 |        1136.64 |           4096 |
|      63900 |     207.22 |       16406.15 |        1280.00 |           4096 |
|      64000 |     191.19 |       16407.14 |        1118.72 |           2048 |
Model saved to td_agent_episode_ft64000.pkl
|      64100 |     469.31 |       16409.83 |        1218.56 |           4096 |
|      64200 |     200.87 |       16412.89 |        1244.16 |           4096 |
|      64300 |     210.44 |       16417.66 |        1272.32 |           4096 |
|      64400 |     189.48 |       16418.38 |        1113.60 |           4096 |
|      64500 |     155.98 |       16418.73 |        1100.80 |           2048 |
|      64600 |     202.31 |       16422.03 |        1218.56 |           2048 |
|      64700 |     199.21 |       16424.59 |        1159.68 |           2048 |
|      64800 |     207.20 |       16428.86 |        1285.12 |           4096 |
|      64900 |     192.42 |       16430.39 |        1162.24 |           2048 |
|      65000 |     201.90 |       16433.38 |        1244.16 |           4096 |
Model saved to td_agent_episode_ft65000.pkl
|      65100 |     469.14 |       16436.98 |        1213.44 |           2048 |
|      65200 |     205.53 |       16441.05 |        1300.48 |           4096 |
|      65300 |     159.65 |       16442.30 |        1187.84 |           2048 |
|      65400 |     191.69 |       16443.26 |        1103.36 |           2048 |
|      65500 |     201.65 |       16446.08 |        1190.40 |           2048 |
|      65600 |     195.04 |       16447.64 |        1107.20 |           2048 |
|      65700 |     205.07 |       16451.40 |        1280.00 |           2048 |
|      65800 |     161.50 |       16453.01 |        1128.96 |           2048 |
|      65900 |     201.07 |       16456.36 |        1246.72 |           4096 |
|      66000 |     212.26 |       16461.77 |        1351.68 |           4096 |
Model saved to td_agent_episode_ft66000.pkl
|      66100 |     491.67 |       16464.13 |        1228.80 |           2048 |
|      66200 |     208.86 |       16468.04 |        1269.76 |           4096 |
|      66300 |     198.00 |       16470.09 |        1172.48 |           2048 |
|      66400 |     209.83 |       16475.13 |        1336.32 |           4096 |
|      66500 |     174.93 |       16479.25 |        1264.64 |           2048 |
|      66600 |     196.14 |       16480.84 |        1136.64 |           2048 |
|      66700 |     201.91 |       16483.59 |        1195.52 |           4096 |
|      66800 |     206.06 |       16486.40 |        1213.44 |           2048 |
|      66900 |     207.55 |       16490.35 |        1264.64 |           4096 |
|      67000 |     192.83 |       16490.42 |        1111.04 |           4096 |
Model saved to td_agent_episode_ft67000.pkl